SIZES
  narena                13631488
  nbuffer               12320
  nplugin               0
  maxuse_stack          3496
  maxuse_arena          32140
  maxuse_con            4
  maxuse_efc            16
  solver_nisland        1
  ne                    0
  nf                    0
  nl                    0
  nefc                  16
  nnzJ                  128
  ncon                  4
  nisland               0
  threadpool            0

TIMER
    0:  duration =  0.15       number = 1
    1:  duration =  0.14       number = 4
    2:  duration =  0          number = 0
    3:  duration =  0.084      number = 4
    4:  duration =  0.011      number = 4
    5:  duration =  0.0022     number = 4
    6:  duration =  0.029      number = 4
    7:  duration =  0          number = 0
    8:  duration =  0.018      number = 4
    9:  duration =  0.0074     number = 4
    10:  duration =  0.032      number = 4
    11:  duration =  0.023      number = 4
    12:  duration =  0.0005     number = 4
    13:  duration =  0.016      number = 4
    14:  duration =  0.015      number = 4

SOLVER STAT
  solver_nisland = 1
  solver_fwdinv =   0         0       
ENERGY =   0         0       

TIME =  9.9     

QPOS
   0.46    
  -1.2e-16 
   0.1     
   0.71    
  -1.4e-16 
  -0.71    
  -1.6e-16 
   5e+02   
   5e+02   

QVEL
   6.7e-15 
  -2.9e-18 
  -2.6e-15 
  -5.4e-18 
   6.7e-14 
  -6.8e-19 
   50      
   50      

QACC_WARMSTART
   5.6e-17 
   7.3e-18 
  -4e-16   
   9.4e-18 
   7.1e-16 
  -2.6e-17 
  -7.1e-16 
  -7.1e-16 

CTRL
   0.5     

QFRC_APPLIED
   0       
   0       
   0       
   0       
   0       
   0       
   0       
   0       

XFRC_APPLIED
   0         0         0         0         0         0       
   0         0         0         0         0         0       
   0         0         0         0         0         0       
   0         0         0         0         0         0       
   0         0         0         0         0         0       
   0         0         0         0         0         0       

QACC
   5.6e-17 
   7.3e-18 
  -4e-16   
   9.4e-18 
   7.1e-16 
  -2.6e-17 
  -7.1e-16 
  -7.1e-16 

SENSOR
   9.8     
   3.4e-16 
   0.00047 
   0.46    
  -1.2e-16 
   0.1     
   6.7e-15 
  -2.9e-18 
  -2.6e-15 
   6.5e-19 
   6.7e-14 
  -5.4e-18 
   3.2e-17 
   3.7e-17 
  -1.4e-17 
   50      

XPOS
   0         0         0       
   0.46     -1.2e-16   0.1     
   0.46      0.03      0.1     
   0.46     -0.03      0.1     
   0.062     5.4e-17   0.1     
  -0.038     9.6e-17   0.1     

XQUAT
   1         0         0         0       
   0.71     -1.4e-16  -0.71     -1.6e-16 
  -0.29      0.29      0.64      0.64    
  -0.29      0.29      0.64      0.64    
   0.71     -1.4e-16  -0.71     -1.6e-16 
   0.71     -1.4e-16  -0.71     -1.6e-16 

XMAT
   1         0         0         0         1         0         0         0         1       
   4.8e-05   4.2e-16  -1        -3.4e-17   1         4.2e-16   1         3.4e-17   4.8e-05 
  -0.66      0.75      5.6e-16   2.8e-16  -5e-16     1         0.75      0.66      1.7e-16 
  -0.66      0.75      5.6e-16   2.8e-16  -5e-16     1         0.75      0.66      1.7e-16 
   4.8e-05   4.2e-16  -1        -3.4e-17   1         4.2e-16   1         3.4e-17   4.8e-05 
   4.8e-05   4.2e-16  -1        -3.4e-17   1         4.2e-16   1         3.4e-17   4.8e-05 

XIPOS
   0         0         0       
   0.43     -1e-16     0.1     
   0.46      0.03      0.1     
   0.46     -0.03      0.1     
   0.16      1.1e-17   0.1     
  -0.038     9.6e-17   0.1     

XIMAT
   1         0         0         0         1         0         0         0         1       
  -0.0087    4.2e-16  -1        -3e-17     1         4.2e-16   1         3.4e-17  -0.0087  
  -0.66      0.75      5.6e-16   2.8e-16  -5e-16     1         0.75      0.66      1.7e-16 
  -0.66      0.75      5.6e-16   2.8e-16  -5e-16     1         0.75      0.66      1.7e-16 
   4.8e-05   4.2e-16  -1        -3.4e-17   1         4.2e-16   1         3.4e-17   4.8e-05 
   4.8e-05   4.2e-16  -1        -3.4e-17   1         4.2e-16   1         3.4e-17   4.8e-05 

XANCHOR
   0.46     -1.2e-16   0.1     
   0.46      0.03      0.1     
   0.46     -0.03      0.1     

XAXIS
   0         0         1       
   4.4e-16   1        -1.1e-15 
   4.4e-16   1        -1.1e-15 

GEOM_XPOS
   0         0         0       
   0.46      0.03      0.1     
   0.46     -0.03      0.1     
   0.16      0.03      0.1     
   0.16     -0.03      0.1     
  -0.038     9.6e-17   0.1     

GEOM_XMAT
   1         0         0         0         1         0         0         0         1       
  -0.66      0.75      5.6e-16   2.8e-16  -5e-16     1         0.75      0.66      1.7e-16 
  -0.66      0.75      5.6e-16   2.8e-16  -5e-16     1         0.75      0.66      1.7e-16 
   4.8e-05   4.2e-16  -1        -3.4e-17   1         4.2e-16   1         3.4e-17   4.8e-05 
   4.8e-05   4.2e-16  -1        -3.4e-17   1         4.2e-16   1         3.4e-17   4.8e-05 
   4.8e-05   4.2e-16  -1        -3.4e-17   1         4.2e-16   1         3.4e-17   4.8e-05 

SITE_XPOS
   0.46     -1.2e-16   0.1     
   0.46      0.03      0.1     
   0.46      0.03      0.1     
   0.46     -0.03      0.1     
   0.46     -0.03      0.1     
   0.46     -0.03      0.1     
  -0.038     9.6e-17   0.1     

SITE_XMAT
   4.8e-05   4.2e-16  -1        -3.4e-17   1         4.2e-16   1         3.4e-17   4.8e-05 
  -0.66      0.75      5.6e-16   2.8e-16  -5e-16     1         0.75      0.66      1.7e-16 
  -0.66      0.75      5.6e-16   2.8e-16  -5e-16     1         0.75      0.66      1.7e-16 
  -0.66      0.75      5.6e-16   2.8e-16  -5e-16     1         0.75      0.66      1.7e-16 
  -0.66      0.75      5.6e-16   2.8e-16  -5e-16     1         0.75      0.66      1.7e-16 
  -0.66      0.75      5.6e-16   2.8e-16  -5e-16     1         0.75      0.66      1.7e-16 
   4.8e-05   4.2e-16  -1        -3.4e-17   1         4.2e-16   1         3.4e-17   4.8e-05 

SUBTREE_COM
  -0.033     9.4e-17   0.1     
  -0.033     9.4e-17   0.1     
   0.46      0.03      0.1     
   0.46     -0.03      0.1     
  -0.036     9.5e-17   0.1     
  -0.038     9.6e-17   0.1     

CDOF
   0         0         0         1         0         0       
   0         0         0         0         1         0       
   0         0         0         0         0         1       
   4.8e-05  -3.4e-17   1        -2.1e-16  -0.5      -1.7e-17 
   4.2e-16   1         3.4e-17   2.4e-05  -1.7e-17   0.5     
  -1         4.2e-16   4.8e-05   2.6e-25   1.9e-17   5.3e-21 
   4.4e-16   1        -1.1e-15   2.4e-05   5.5e-16   0.5     
   4.4e-16   1        -1.1e-15   2.4e-05   5.5e-16   0.5     

CINERT
   0         0         0         0         0         0         0         0         0         0       
   0         0         0         0         0         0         0        -0        -0         0       
   1.2e-05   0.0025    0.0025   -0.00015   1.2e-07   7.2e-09   0.005     0.0003   -2.4e-07   0.01    
   1.2e-05   0.0025    0.0025    0.00015   1.2e-07  -7.2e-09   0.005    -0.0003   -2.4e-07   0.01    
   1.9e-05   0.0012    0.0012    5e-19     5.8e-08  -6.4e-22   0.0039   -1.7e-18  -1.9e-07   0.02    
   0.02      0.02      0.02      2.7e-20   3.1e-09  -1.3e-24  -0.014     5.9e-18   6.7e-07   3       

TEN_LENGTH
   9.9e+02 
   0       

TEN_MOMENT
   0         0         0         0         0         0         1         1       
   0         0         0         0         0         0        -0.5       0.5     

TENDON 0: 0 wrap points

TENDON 1: 0 wrap points

ACTUATOR_LENGTH
   9.9e+02 

ACTUATOR_MOMENT
   0         0         0         0         0         0         1         1       

CRB
   0         0         0         0         0         0         0         0         0         0       
   0.02      0.026     0.026     2.6e-18   3e-07     1.3e-22   5.2e-18   0        -5.9e-17   3       
   1.2e-05   0.0025    0.0025   -0.00015   1.2e-07   7.2e-09   0.005     0.0003   -2.4e-07   0.01    
   1.2e-05   0.0025    0.0025    0.00015   1.2e-07  -7.2e-09   0.005    -0.0003   -2.4e-07   0.01    
   0.02      0.021     0.021     5.3e-19   6.1e-08  -6.4e-22  -0.0099    4.2e-18   4.8e-07   3       
   0.02      0.02      0.02      2.7e-20   3.1e-09  -1.3e-24  -0.014     5.9e-18   6.7e-07   3       

QM
   3         0         0        -6.4e-16   7.3e-05   7.8e-25   0         5.3e-23 
   0         3         0        -1.5      -5.1e-17  -1.2e-19  -7.7e-34  -7.7e-34 
   0         0         3        -5.1e-17   1.5       1.6e-20   0         0       
  -6.4e-16  -1.5      -5.1e-17   0.77      1.3e-21   3.9e-20  -2.6e-21  -2.6e-21 
   7.3e-05  -5.1e-17   1.5       1.3e-21   0.77      2.7e-20   4.5e-06   4.5e-06 
   7.8e-25  -1.2e-19   1.6e-20   3.9e-20   2.7e-20   0.02      1.9e-21   1.9e-21 
   0        -7.7e-34   0        -2.6e-21   4.5e-06   1.9e-21   4.5e-06   0       
   5.3e-23  -7.7e-34   0        -2.6e-21   4.5e-06   1.9e-21   0         4.5e-06 

QLD
   3        -1.2e-14  -0.0014   -8.2e-16   9.4e-05   3.9e-23   0         1.2e-17 
  -1.2e-14   0.1       3.9e-19  -2        -6.6e-17  -6.1e-18  -1.7e-28  -1.7e-28 
  -0.0014    3.9e-19   0.1      -6.6e-17   2         8.1e-19   0         0       
  -8.2e-16  -2        -6.6e-17   0.77      8.4e-21   1.9e-18  -5.8e-16  -5.8e-16 
   9.4e-05  -6.6e-17   2         8.4e-21   0.77      1.2e-18   1         1       
   3.9e-23  -6.1e-18   8.1e-19   1.9e-18   1.2e-18   0.02      4.2e-16   4.2e-16 
   0        -1.7e-28   0        -5.8e-16   1         4.2e-16   4.5e-06   0       
   1.2e-17  -1.7e-28   0        -5.8e-16   1         4.2e-16   0         4.5e-06 

QLDIAGINV
   0.33    
   9.7     
   9.7     
   1.3     
   1.3     
   50      
   2.2e+05 
   2.2e+05 

QLDIAGSQRTINV
   0.57    
   3.1     
   3.1     
   1.1     
   1.1     
   7.1     
   4.7e+02 
   4.7e+02 

D_rownnz              8 8 8 8 8 8 7 7

D_rowadr              0 8 16 24 32 40 48 55

D_colind              0 1 2 3 4 5 6 7 0 1 2 3 4 5 6 7 0 1 2 3 4 5 6 7 0 1 2 3 4 5 6 7 0 1 2 3 4 5 6 7 0 1 2 3 4 5 6 7 0 1 2 3 4 5 6 0 1 2 3 4 5 7

B_rownnz              8 8 7 7 6 6

B_rowadr              0 8 16 23 30 36

B_colind              0 1 2 3 4 5 6 7 0 1 2 3 4 5 6 7 0 1 2 3 4 5 6 0 1 2 3 4 5 7 0 1 2 3 4 5 0 1 2 3 4 5

QDERIV
   0         0         0         0         0         0         0         0       
   0         0         0         0         0         0         0         0       
   0         0         0         0         0         0         0         0       
   0         0         0         0         0         0         0         0       
   0         0         0         0         0         0         0         0       
   0         0         0         0         0         0         0         0       
   0         0         0         0         0         0         0         0       
   0         0         0         0         0         0         0         0       

QLU
   0         0         0         0         0         0         0         0       
   0         0         0         0         0         0         0         0       
   0         0         0         0         0         0         0         0       
   0         0         0         0         0         0         0         0       
   0         0         0         0         0         0         0         0       
   0         0         0         0         0         0         0         0       
   0         0         0         0         0         0         0         0       
   0         0         0         0         0         0         0         0       

CONTACT
  0:
     dim           3
     gfev          0 -1 -1 -1 : 5 -1 -1 -1
     exclude       0
     efc_address   0
     solref         0.02      1       
     solimp         0.9       0.95      0.001     0.5       2       
     dist          -0.00011 
     includemargin  0       
     pos            0.062    -0.1      -5.6e-05 
     frame          0         0         1         0         1         0        -1         0         0       
     friction       1         1         0.005     0.0001    0.0001  
     mu             1       
  1:
     dim           3
     gfev          0 -1 -1 -1 : 5 -1 -1 -1
     exclude       0
     efc_address   4
     solref         0.02      1       
     solimp         0.9       0.95      0.001     0.5       2       
     dist          -0.00011 
     includemargin  0       
     pos            0.062     0.1      -5.6e-05 
     frame          0         0         1         0         1         0        -1         0         0       
     friction       1         1         0.005     0.0001    0.0001  
     mu             1       
  2:
     dim           3
     gfev          0 -1 -1 -1 : 5 -1 -1 -1
     exclude       0
     efc_address   8
     solref         0.02      1       
     solimp         0.9       0.95      0.001     0.5       2       
     dist          -0.0001  
     includemargin  0       
     pos           -0.14     -0.1      -5.2e-05 
     frame          0         0         1         0         1         0        -1         0         0       
     friction       1         1         0.005     0.0001    0.0001  
     mu             1       
  3:
     dim           3
     gfev          0 -1 -1 -1 : 5 -1 -1 -1
     exclude       0
     efc_address   12
     solref         0.02      1       
     solimp         0.9       0.95      0.001     0.5       2       
     dist          -0.0001  
     includemargin  0       
     pos           -0.14      0.1      -5.2e-05 
     frame          0         0         1         0         1         0        -1         0         0       
     friction       1         1         0.005     0.0001    0.0001  
     mu             1       

EFC_TYPE
  6
  6
  6
  6
  6
  6
  6
  6
  6
  6
  6
  6
  6
  6
  6
  6

EFC_ID
  0
  0
  0
  0
  1
  1
  1
  1
  2
  2
  2
  2
  3
  3
  3
  3

EFC_J
   0         1         1        -0.4       0.4       5.6e-05   0         0       
   0        -1         1         0.4       0.4       0.2       0         0       
  -1         0         1        -0.1       0.5       0.1       0         0       
   1         0         1         0.1       0.3       0.1       0         0       
   0         1         1        -0.4       0.4      -0.2       0         0       
   0        -1         1         0.4       0.4      -5.6e-05   0         0       
  -1         0         1         0.1       0.5      -0.1       0         0       
   1         0         1        -0.1       0.3      -0.1       0         0       
   0         1         1        -0.6       0.6       5.2e-05   0         0       
   0        -1         1         0.6       0.6       0.2       0         0       
  -1         0         1        -0.1       0.7       0.1       0         0       
   1         0         1         0.1       0.5       0.1       0         0       
   0         1         1        -0.6       0.6      -0.2       0         0       
   0        -1         1         0.6       0.6      -5.2e-05   0         0       
  -1         0         1         0.1       0.7      -0.1       0         0       
   1         0         1        -0.1       0.5      -0.1       0         0       

EFC_POS
  -0.00011 
  -0.00011 
  -0.00011 
  -0.00011 
  -0.00011 
  -0.00011 
  -0.00011 
  -0.00011 
  -0.0001  
  -0.0001  
  -0.0001  
  -0.0001  
  -0.0001  
  -0.0001  
  -0.0001  
  -0.0001  

EFC_MARGIN
   0       
   0       
   0       
   0       
   0       
   0       
   0       
   0       
   0       
   0       
   0       
   0       
   0       
   0       
   0       
   0       

EFC_FRICTIONLOSS
   0       
   0       
   0       
   0       
   0       
   0       
   0       
   0       
   0       
   0       
   0       
   0       
   0       
   0       
   0       
   0       

EFC_DIAGAPPROX
   1.3     
   1.3     
   1.3     
   1.3     
   1.3     
   1.3     
   1.3     
   1.3     
   1.3     
   1.3     
   1.3     
   1.3     
   1.3     
   1.3     
   1.3     
   1.3     

EFC_KBIP
   2.8e+03   1.1e+02   0.9      -23      
   2.8e+03   1.1e+02   0.9      -23      
   2.8e+03   1.1e+02   0.9      -23      
   2.8e+03   1.1e+02   0.9      -23      
   2.8e+03   1.1e+02   0.9      -23      
   2.8e+03   1.1e+02   0.9      -23      
   2.8e+03   1.1e+02   0.9      -23      
   2.8e+03   1.1e+02   0.9      -23      
   2.8e+03   1.1e+02   0.9      -21      
   2.8e+03   1.1e+02   0.9      -21      
   2.8e+03   1.1e+02   0.9      -21      
   2.8e+03   1.1e+02   0.9      -21      
   2.8e+03   1.1e+02   0.9      -21      
   2.8e+03   1.1e+02   0.9      -21      
   2.8e+03   1.1e+02   0.9      -21      
   2.8e+03   1.1e+02   0.9      -21      

EFC_D
   6.9     
   6.9     
   6.9     
   6.9     
   6.9     
   6.9     
   6.9     
   6.9     
   6.9     
   6.9     
   6.9     
   6.9     
   6.9     
   6.9     
   6.9     
   6.9     

EFC_R
   0.14    
   0.14    
   0.14    
   0.14    
   0.14    
   0.14    
   0.14    
   0.14    
   0.14    
   0.14    
   0.14    
   0.14    
   0.14    
   0.14    
   0.14    
   0.14    

TEN_VELOCITY
   1e+02   
   0       

ACTUATOR_VELOCITY
   1e+02   

CVEL
   0         0         0         0         0         0       
   6.8e-19   6.7e-14  -5.4e-18   6.7e-15  -2.5e-19   3e-14   
   2.2e-14   50       -5.6e-14   0.0012    2.7e-14   25      
   2.2e-14   50       -5.6e-14   0.0012    2.7e-14   25      
   6.8e-19   6.7e-14  -5.4e-18   6.7e-15  -2.5e-19   3e-14   
   6.8e-19   6.7e-14  -5.4e-18   6.7e-15  -2.5e-19   3e-14   

CDOF_DOT
   0         0         0         0         0         0       
   0         0         0         0         0         0       
   0         0         0         0         0         0       
   0         0        -0        -2.9e-18  -6.7e-15   1.4e-22 
   0         0         0         2.6e-15  -1.3e-30   6.7e-15 
   0        -0         0        -1.4e-22   2.6e-15  -2.9e-18 
   5.4e-18  -1.6e-33   6.8e-19   2.6e-15  -3.4e-19   6.7e-15 
   5.4e-18  -1.6e-33   6.8e-19   2.6e-15  -3.4e-19   6.7e-15 

QFRC_BIAS
   2.6e-15 
  -1.2e-30 
   30      
  -4.9e-16 
   15      
  -1.3e-17 
  -1.4e-17 
  -1.4e-17 

QFRC_SPRING
   0       
   0       
   0       
   0       
   0       
   0       
   0       
   0       

QFRC_DAMPER
   0       
   0       
   0       
   0       
   0       
   0       
  -0.5     
  -0.5     

QFRC_GRAVCOMP
   0       
   0       
   0       
   0       
   0       
   0       
   0       
   0       

QFRC_FLUID
   0       
   0       
   0       
   0       
   0       
   0       
   0       
   0       

QFRC_PASSIVE
   0       
   0       
   0       
   0       
   0       
   0       
  -0.5     
  -0.5     

EFC_VEL
   2.4e-14 
   2.4e-14 
   2.4e-14 
   2.4e-14 
   2.4e-14 
   2.4e-14 
   2.4e-14 
   2.4e-14 
   3.7e-14 
   3.7e-14 
   3.7e-14 
   3.7e-14 
   3.7e-14 
   3.7e-14 
   3.7e-14 
   3.7e-14 

EFC_AREF
   0.28    
   0.28    
   0.28    
   0.28    
   0.28    
   0.28    
   0.28    
   0.28    
   0.26    
   0.26    
   0.26    
   0.26    
   0.26    
   0.26    
   0.26    
   0.26    

SUBTREE_LINVEL
   0         0         0       
   0         0         0       
   0         0         0       
   0         0         0       
   0         0         0       
   0         0         0       

SUBTREE_ANGMOM
   0         0         0       
   0         0         0       
   0         0         0       
   0         0         0       
   0         0         0       
   0         0         0       

ACTUATOR_FORCE
   0.5     

QFRC_ACTUATOR
   0       
   0       
   0       
   0       
   0       
   0       
   0.5     
   0.5     

QFRC_SMOOTH
  -2.6e-15 
   1.2e-30 
  -30      
   4.9e-16 
  -15      
   1.3e-17 
   0       
   0       

QACC_SMOOTH
  -8.5e-16 
  -1.9e-16 
  -9.8     
  -3.8e-16 
  -2.5e-14 
   6.5e-16 
   2.5e-14 
   2.5e-14 

EFC_B
  -10      
  -10      
  -10      
  -10      
  -10      
  -10      
  -10      
  -10      
  -10      
  -10      
  -10      
  -10      
  -10      
  -10      
  -10      
  -10      

EFC_FORCE
   1.9     
   1.9     
   1.9     
   1.9     
   1.9     
   1.9     
   1.9     
   1.9     
   1.8     
   1.8     
   1.8     
   1.8     
   1.8     
   1.8     
   1.8     
   1.8     

EFC_STATE
  1
  1
  1
  1
  1
  1
  1
  1
  1
  1
  1
  1
  1
  1
  1
  1

QFRC_CONSTRAINT
   4e-15   
   2.2e-16 
   30      
  -8.3e-17 
   15      
   8.3e-17 
   0       
   0       

QFRC_INVERSE
   0       
   0       
   0       
   0       
   0       
   0       
   0       
   0       

CACC
   0         0         0        -0        -0         9.8     
   2.6e-17   7.1e-16   9.4e-18   5.6e-17   2.6e-18   9.8     
   3e-16     3e-31     4.2e-17   1.3e-13  -1.4e-17   9.8     
   3e-16     4.9e-31   4.2e-17   1.3e-13  -1.4e-17   9.8     
   2.6e-17   7.1e-16   9.4e-18   5.6e-17   2.6e-18   9.8     
   2.6e-17   7.1e-16   9.4e-18   5.6e-17   2.6e-18   9.8     

CFRC_INT
   1e-17     9.7e-17  -6.1e-16  -1e-15    -6.6e-16  -5.6e-15 
   1e-17     9.7e-17  -6.1e-16  -1e-15    -6.6e-16  -5.6e-15 
   0.0029   -0.049    -7.7e-17   1.3e-15   7.3e-20   0.098   
  -0.0029   -0.049     8.7e-17   1.3e-15   7.3e-20   0.098   
   4.2e-17   0.097    -6.2e-16  -3.6e-15  -6.6e-16  -0.2     
   5.8e-17   0.14     -6.2e-16  -3.6e-15  -6.6e-16  -0.39    

CFRC_EXT
   0         0         0         0         0         0       
   0         0         0         0         0         0       
   0         0         0         0         0         0       
   0         0         0         0         0         0       
   0         0         0         0         0         0       
   0        -1.1e-16   6.2e-16   3.8e-15   6.7e-16   30      

TENDON_EFCADR         -1 -1

